100
47547469
56773875
17895208
55669975
69768539
49944330
46997601
71518045
6678018
48720855
5796250
63298832
63053967
45290140
13032780
5427851
46833904
41047680
18107274
21981846
50075705
25833552
29599969
39833200
48153224
62611095
47638888
3201065
62643702
48741079
68982852
51148475
35322584
73632054
68568640
23811132
38413402
54299992
22621092
43901989
17437616
153657
8176215
19593668
32920789
4833748
53415827
38471392
39981531
8875291
16763900
25235835
62569989
41322426
22316849
50177657
55594348
73426901
56855159
4991672
17371227
58385586
67644497
46590258
36086642
25254929
33225116
62421043
9770752
28418939
65579826
7545016
3598212
2618841
3749121
35476199
11898218
27543225
6747197
35717832
8284459
33682747
72307186
51179837
14933849
54807842
44024024
68968887
27907481
45962628
36124225
57516989
75101947
19451835
19633470
36864111
65414729
1410898
4778670
53574320
