100
67926967
57278558
8789918
24977528
56583236
66350815
54274381
38315729
292682
22230315
24806185
32142335
37541461
5867330
58947593
75004151
23168874
50986971
2434857
67688003
56627972
31543956
73363473
65164084
16027081
67897604
62938740
36043058
37298539
66665337
53739141
40523913
73202687
53458739
47224037
51589302
47091376
24384524
69506846
70071689
47314125
61247827
5299566
46294887
26197797
9138001
52990965
71469079
64557868
43782830
2370127
995701
8941216
56310391
70793024
35540545
47070016
45183084
1513839
9697677
19567318
33845643
26174842
74886605
34480415
58083326
67148725
63079886
10569244
53124726
65312445
26684898
4964350
36845282
4158768
66748728
53961478
75217149
21675305
70497397
55276122
26500125
46864336
67750572
61677675
61474622
9867715
39970554
56610605
49152298
17021262
53346340
35911161
66476669
75449008
17377736
24130109
44127124
34718821
41414606
