100
54722885
61065819
50815333
18659040
10895885
6813297
62727650
23250573
10657564
47641881
6542861
51282323
22065351
12182481
60396507
73212835
69017803
73305168
52267616
73003337
6281699
43786813
58491796
3614241
2000646
6486011
64230859
50616642
5004057
69162516
53757232
12717479
569445
305163
5944593
43995199
17290251
52262863
67836371
37569840
74739186
72662408
64778142
28042643
17134272
18284073
6436596
23763704
39200531
57302026
37371269
32955792
37588604
27801022
75311844
21351557
71022883
9717491
7955766
47870528
14158206
50374725
67592675
66707313
65006750
46698650
68654010
45193442
62794605
30243663
21478660
3021775
33542575
47971336
4041314
37914671
13495024
49908384
39695547
73702827
8951048
1622377
57414284
41857531
64636825
72711230
29667616
59320535
16324830
10298638
62538697
26313637
51296127
5189231
45712335
28996112
3064676
65353069
66228817
64330535
