100
3598212
2618841
3749121
35476199
11898218
27543225
6747197
35717832
8284459
33682747
72307186
51179837
14933849
54807842
44024024
68968887
27907481
45962628
36124225
57516989
75101947
19451835
19633470
36864111
65414729
1410898
4778670
53574320
38055873
39866986
71434341
17159315
44582017
9974221
12896876
14492849
58904773
67473532
2315087
23038520
65984518
1245077
8842644
66405470
75003670
23471343
19582783
5920992
21903434
16827786
54297503
22671389
67926967
57278558
8789918
24977528
56583236
66350815
54274381
38315729
292682
22230315
24806185
32142335
37541461
5867330
58947593
75004151
23168874
50986971
2434857
67688003
56627972
31543956
73363473
65164084
16027081
67897604
62938740
36043058
37298539
66665337
53739141
40523913
73202687
53458739
47224037
51589302
47091376
24384524
69506846
70071689
47314125
61247827
5299566
46294887
26197797
9138001
52990965
71469079
