100
55056308
48350442
55049137
9500774
54344205
70120926
19367241
33240744
1985419
50781927
20240327
47258482
67024852
31804769
66229230
68165127
52289997
39260164
1973584
2993744
12225460
28758053
24255988
30957739
17659110
74837921
71423980
26842111
756667
2320530
37370681
41657873
36486044
31423743
50900785
65985750
1097178
7624007
54530949
1475200
42668505
74721415
25459746
58725780
1036371
49096148
55780243
34785053
60270313
17799667
15034039
3457281
47547469
56773875
17895208
55669975
69768539
49944330
46997601
71518045
6678018
48720855
5796250
63298832
63053967
45290140
13032780
5427851
46833904
41047680
18107274
21981846
50075705
25833552
29599969
39833200
48153224
62611095
47638888
3201065
62643702
48741079
68982852
51148475
35322584
73632054
68568640
23811132
38413402
54299992
22621092
43901989
17437616
153657
8176215
19593668
32920789
4833748
53415827
38471392
