100
53961478
75217149
21675305
70497397
55276122
26500125
46864336
67750572
61677675
61474622
9867715
39970554
56610605
49152298
17021262
53346340
35911161
66476669
75449008
17377736
24130109
44127124
34718821
41414606
54722885
61065819
50815333
18659040
10895885
6813297
62727650
23250573
10657564
47641881
6542861
51282323
22065351
12182481
60396507
73212835
69017803
73305168
52267616
73003337
6281699
43786813
58491796
3614241
2000646
6486011
64230859
50616642
5004057
69162516
53757232
12717479
569445
305163
5944593
43995199
17290251
52262863
67836371
37569840
74739186
72662408
64778142
28042643
17134272
18284073
6436596
23763704
39200531
57302026
37371269
32955792
37588604
27801022
75311844
21351557
71022883
9717491
7955766
47870528
14158206
50374725
67592675
66707313
65006750
46698650
68654010
45193442
62794605
30243663
21478660
3021775
33542575
47971336
4041314
37914671
