100
12829957
67422659
6966490
58135634
20462313
29403402
26233391
3594838
48707253
55077872
63286434
65580990
4756067
56211004
15571557
71137334
18564502
44678647
74896107
38156247
66917614
55760339
7136005
43520802
37949194
6849250
5724242
7524098
41913076
6283000
6576865
57644205
43277890
39435314
17451165
49155997
56160653
12208879
63411716
46132961
15862377
32307578
58824818
48406196
6162976
70837991
46820900
22315334
35007803
22841004
67850361
26466822
67977424
9209475
55437856
21075293
12060366
27617510
13420882
53390363
70979793
8507944
38954634
34173037
52526059
1536942
38384499
24702680
75874009
63834750
50036678
20625776
15571089
51711004
78644
5042522
50392886
4388717
38818650
61990309
73926423
47070936
57403344
40633620
15906320
10171347
45480516
58507057
15912175
26673575
8473973
11564940
12375692
74089041
69900601
26173790
36230943
3536926
6354877
72170235
