100
64557868
43782830
2370127
995701
8941216
56310391
70793024
35540545
47070016
45183084
1513839
9697677
19567318
33845643
26174842
74886605
34480415
58083326
67148725
63079886
10569244
53124726
65312445
26684898
4964350
36845282
4158768
66748728
53961478
75217149
21675305
70497397
55276122
26500125
46864336
67750572
61677675
61474622
9867715
39970554
56610605
49152298
17021262
53346340
35911161
66476669
75449008
17377736
24130109
44127124
34718821
41414606
54722885
61065819
50815333
18659040
10895885
6813297
62727650
23250573
10657564
47641881
6542861
51282323
22065351
12182481
60396507
73212835
69017803
73305168
52267616
73003337
6281699
43786813
58491796
3614241
2000646
6486011
64230859
50616642
5004057
69162516
53757232
12717479
569445
305163
5944593
43995199
17290251
52262863
67836371
37569840
74739186
72662408
64778142
28042643
17134272
18284073
6436596
23763704
