100
32253839
2290065
31695601
74629415
64796799
65461228
14790408
23464118
42763039
75648177
67104299
40821912
51949286
4880235
46821037
22483848
66628084
39070372
17096263
36505733
5028464
65632965
11439926
22173599
32929660
62961847
71387980
5612844
25933246
64130652
73670278
28434170
27942010
14714491
153052
64538508
10149738
31598036
48476531
11644317
22200846
5940991
14400459
56734172
26825587
12963494
68198110
30228868
25278006
18634288
13231894
74152189
51267498
51886084
50953749
6460196
44190944
29878976
65791948
67070287
21143830
28421724
26528970
55876335
39720996
57594175
7938265
70303931
72872535
35143416
61099190
66932808
73859859
7292888
21719828
26342885
6129844
72756306
70466922
32955792
37588604
27801022
75311844
21351557
71022883
9717491
7955766
47870528
14158206
50374725
67592675
66707313
65006750
46698650
68654010
45193442
62794605
30243663
21478660
3021775
