100
13495024
49908384
39695547
73702827
8951048
1622377
57414284
41857531
64636825
72711230
29667616
59320535
16324830
10298638
62538697
26313637
51296127
5189231
45712335
28996112
3064676
65353069
66228817
64330535
55185875
56010673
6552506
65113819
3899279
68178987
52670140
69366261
41901247
44439104
21971190
65834072
55448561
52289138
18029279
33816132
47946248
54754019
75540582
69892027
48034418
27463835
16650842
14990415
24877028
47673869
75293508
21135051
12883275
30849483
59552868
41440741
75710841
2412466
8828789
74347952
17860536
42172935
47659408
27387108
12302992
5820062
56819687
27103098
20788850
37852784
4294316
31402302
12829957
67422659
6966490
58135634
20462313
29403402
26233391
3594838
48707253
55077872
63286434
65580990
4756067
56211004
15571557
71137334
18564502
44678647
74896107
38156247
66917614
55760339
7136005
43520802
37949194
6849250
5724242
7524098
