100
67977424
9209475
55437856
21075293
12060366
27617510
13420882
53390363
70979793
8507944
38954634
34173037
52526059
1536942
38384499
24702680
75874009
63834750
50036678
20625776
15571089
51711004
78644
5042522
50392886
4388717
38818650
61990309
73926423
47070936
57403344
40633620
15906320
10171347
45480516
58507057
15912175
26673575
8473973
11564940
12375692
74089041
69900601
26173790
36230943
3536926
6354877
72170235
29911798
3613705
21300890
73370264
44561835
51287182
51757693
25889356
22572434
6798443
44277158
54302407
51310219
46543002
19343523
44270965
6890688
32963045
26425535
64210485
41579838
57696467
71937602
37138346
13212912
27462938
42714657
42210709
59427682
27401272
21588289
43763869
66593038
45287591
65125851
41180826
17078170
60983117
58093666
22510904
60133201
32371651
19366976
47884441
26801037
47705005
58507808
50656258
3174277
18120839
63027073
52199038
