100
29911798
3613705
21300890
73370264
44561835
51287182
51757693
25889356
22572434
6798443
44277158
54302407
51310219
46543002
19343523
44270965
6890688
32963045
26425535
64210485
41579838
57696467
71937602
37138346
13212912
27462938
42714657
42210709
59427682
27401272
21588289
43763869
66593038
45287591
65125851
41180826
17078170
60983117
58093666
22510904
60133201
32371651
19366976
47884441
26801037
47705005
58507808
50656258
3174277
18120839
63027073
52199038
64353591
5640022
36006626
56565842
73606495
18904303
7526429
6739240
55779980
52757800
28696834
63558062
44886931
15827286
4988796
56864582
29084303
10729517
11867740
229320
29851240
3809749
75839768
8176615
1789435
20157412
3821538
47059801
70015119
70586839
53051415
43418609
62780695
63962031
15860096
74750527
23157098
25448626
20348293
54352433
45402231
8782402
19523831
55433904
57921523
33678469
56850601
20578533
