500
35911161
66476669
75449008
17377736
24130109
44127124
34718821
41414606
54722885
61065819
50815333
18659040
10895885
6813297
62727650
23250573
10657564
47641881
6542861
51282323
22065351
12182481
60396507
73212835
69017803
73305168
52267616
73003337
6281699
43786813
58491796
3614241
2000646
6486011
64230859
50616642
5004057
69162516
53757232
12717479
569445
305163
5944593
43995199
17290251
52262863
67836371
37569840
74739186
72662408
64778142
28042643
17134272
18284073
6436596
23763704
39200531
57302026
37371269
32955792
37588604
27801022
75311844
21351557
71022883
9717491
7955766
47870528
14158206
50374725
67592675
66707313
65006750
46698650
68654010
45193442
62794605
30243663
21478660
3021775
33542575
47971336
4041314
37914671
13495024
49908384
39695547
73702827
8951048
1622377
57414284
41857531
64636825
72711230
29667616
59320535
16324830
10298638
62538697
26313637
51296127
5189231
45712335
28996112
3064676
65353069
66228817
64330535
55185875
56010673
6552506
65113819
3899279
68178987
52670140
69366261
41901247
44439104
21971190
65834072
55448561
52289138
18029279
33816132
47946248
54754019
75540582
69892027
48034418
27463835
16650842
14990415
24877028
47673869
75293508
21135051
12883275
30849483
59552868
41440741
75710841
2412466
8828789
74347952
17860536
42172935
47659408
27387108
12302992
5820062
56819687
27103098
20788850
37852784
4294316
31402302
12829957
67422659
6966490
58135634
20462313
29403402
26233391
3594838
48707253
55077872
63286434
65580990
4756067
56211004
15571557
71137334
18564502
44678647
74896107
38156247
66917614
55760339
7136005
43520802
37949194
6849250
5724242
7524098
41913076
6283000
6576865
57644205
43277890
39435314
17451165
49155997
56160653
12208879
63411716
46132961
15862377
32307578
58824818
48406196
6162976
70837991
46820900
22315334
35007803
22841004
67850361
26466822
67977424
9209475
55437856
21075293
12060366
27617510
13420882
53390363
70979793
8507944
38954634
34173037
52526059
1536942
38384499
24702680
75874009
63834750
50036678
20625776
15571089
51711004
78644
5042522
50392886
4388717
38818650
61990309
73926423
47070936
57403344
40633620
15906320
10171347
45480516
58507057
15912175
26673575
8473973
11564940
12375692
74089041
69900601
26173790
36230943
3536926
6354877
72170235
29911798
3613705
21300890
73370264
44561835
51287182
51757693
25889356
22572434
6798443
44277158
54302407
51310219
46543002
19343523
44270965
6890688
32963045
26425535
64210485
41579838
57696467
71937602
37138346
13212912
27462938
42714657
42210709
59427682
27401272
21588289
43763869
66593038
45287591
65125851
41180826
17078170
60983117
58093666
22510904
60133201
32371651
19366976
47884441
26801037
47705005
58507808
50656258
3174277
18120839
63027073
52199038
64353591
5640022
36006626
56565842
73606495
18904303
7526429
6739240
55779980
52757800
28696834
63558062
44886931
15827286
4988796
56864582
29084303
10729517
11867740
229320
29851240
3809749
75839768
8176615
1789435
20157412
3821538
47059801
70015119
70586839
53051415
43418609
62780695
63962031
15860096
74750527
23157098
25448626
20348293
54352433
45402231
8782402
19523831
55433904
57921523
33678469
56850601
20578533
55056308
48350442
55049137
9500774
54344205
70120926
19367241
33240744
1985419
50781927
20240327
47258482
67024852
31804769
66229230
68165127
52289997
39260164
1973584
2993744
12225460
28758053
24255988
30957739
17659110
74837921
71423980
26842111
756667
2320530
37370681
41657873
36486044
31423743
50900785
65985750
1097178
7624007
54530949
1475200
42668505
74721415
25459746
58725780
1036371
49096148
55780243
34785053
60270313
17799667
15034039
3457281
47547469
56773875
17895208
55669975
69768539
49944330
46997601
71518045
6678018
48720855
5796250
63298832
63053967
45290140
13032780
5427851
46833904
41047680
18107274
21981846
50075705
25833552
29599969
39833200
48153224
62611095
47638888
3201065
62643702
48741079
68982852
51148475
35322584
73632054
68568640
23811132
38413402
54299992
22621092
43901989
17437616
153657
8176215
19593668
32920789
4833748
53415827
38471392
39981531
8875291
16763900
25235835
62569989
41322426
22316849
50177657
55594348
73426901
56855159
4991672
17371227
58385586
67644497
46590258
36086642
25254929
33225116
62421043
9770752
28418939
65579826
7545016
3598212
2618841
3749121
35476199
11898218
27543225
6747197
35717832
8284459
33682747
72307186
51179837
14933849
54807842
44024024
68968887
27907481
45962628
36124225
57516989
