100
38055873
39866986
71434341
17159315
44582017
9974221
12896876
14492849
58904773
67473532
2315087
23038520
65984518
1245077
8842644
66405470
75003670
23471343
19582783
5920992
21903434
16827786
54297503
22671389
67926967
57278558
8789918
24977528
56583236
66350815
54274381
38315729
292682
22230315
24806185
32142335
37541461
5867330
58947593
75004151
23168874
50986971
2434857
67688003
56627972
31543956
73363473
65164084
16027081
67897604
62938740
36043058
37298539
66665337
53739141
40523913
73202687
53458739
47224037
51589302
47091376
24384524
69506846
70071689
47314125
61247827
5299566
46294887
26197797
9138001
52990965
71469079
64557868
43782830
2370127
995701
8941216
56310391
70793024
35540545
47070016
45183084
1513839
9697677
19567318
33845643
26174842
74886605
34480415
58083326
67148725
63079886
10569244
53124726
65312445
26684898
4964350
36845282
4158768
66748728
