100
64353591
5640022
36006626
56565842
73606495
18904303
7526429
6739240
55779980
52757800
28696834
63558062
44886931
15827286
4988796
56864582
29084303
10729517
11867740
229320
29851240
3809749
75839768
8176615
1789435
20157412
3821538
47059801
70015119
70586839
53051415
43418609
62780695
63962031
15860096
74750527
23157098
25448626
20348293
54352433
45402231
8782402
19523831
55433904
57921523
33678469
56850601
20578533
55056308
48350442
55049137
9500774
54344205
70120926
19367241
33240744
1985419
50781927
20240327
47258482
67024852
31804769
66229230
68165127
52289997
39260164
1973584
2993744
12225460
28758053
24255988
30957739
17659110
74837921
71423980
26842111
756667
2320530
37370681
41657873
36486044
31423743
50900785
65985750
1097178
7624007
54530949
1475200
42668505
74721415
25459746
58725780
1036371
49096148
55780243
34785053
60270313
17799667
15034039
3457281
