5000
225647
8800304
39383379
16809112
47898343
45064160
10488160
29252626
1495430
58321841
71794897
65544122
49635308
36848658
69869267
66401689
7123284
49936736
48604350
72598433
20924889
56499372
718606
28025705
29602648
15146288
59005344
22494377
41752267
33238607
5034415
44427982
61634355
49068669
14749737
43539855
26997402
65455968
46197302
54680698
5747457
72236620
6814182
37881758
34203030
42646912
68129762
74518131
19835974
14031687
15535905
74200407
7444738
62473442
5835925
75686872
65416873
44672597
71174340
41342399
17253755
65239420
37751930
29139738
73049935
38533467
59619681
46453520
64673200
15669350
3447625
58500309
2798012
33165402
2179420
9040314
48743769
2078637
5109777
47367100
24345683
37996064
38660964
64592064
12505046
31954043
30893556
65491700
47590850
33071933
74491266
18788239
49127159
17030847
56546008
2537410
23001924
61546600
45646224
33188656
3086326
44409648
60919329
21182655
66552246
12995007
51062522
16552867
37904788
35101200
1718405
67017866
31154187
75656309
64224916
74143411
5221894
51739663
42961366
4436331
21102706
63434235
43306852
17910285
14886953
48891279
7831527
1601076
62442035
4611052
27916825
25356328
1454082
56709269
8904589
43450494
23512323
5495024
62391733
2649274
27364620
3820333
73035921
37986921
38304387
50685561
1851388
72204203
5549919
64532638
10187432
17524234
75788101
69364804
46727632
75363568
52808017
8670035
34302888
46541374
68099506
73338147
49773735
42247311
52545323
74382106
14530999
35009073
74082589
2849836
35186538
5046587
44902690
4190830
11528167
69812899
64203337
73301830
48357372
62966291
25057036
65738831
57228959
29172499
74327614
12405811
28083878
31871395
27670284
15741229
6250906
15913994
12988741
50818148
7022281
45997619
46893061
5858162
596978
23282213
72477871
16222971
25038844
65029343
29558927
13441169
68462840
11551036
70704790
23029949
62639575
12315112
24546617
45832490
40453030
58525501
3780500
71482434
53358065
30121907
35397389
13269776
61778513
54690831
6142644
11691776
236513
9224078
55910565
53712270
43935902
42443235
60186359
68553962
15104794
57387078
35339140
10998065
49138921
17489565
74436010
16633255
41039920
5457074
60911683
20884461
54922680
15184755
60505557
5045547
44862130
2608990
25793544
18505506
38100572
42736776
71634458
59287001
33479000
14409742
30280050
41564966
25933868
23978142
23661965
11331062
62125804
68235180
2672296
28262478
38836795
71449473
52072586
55945363
55069392
20906523
55783098
48741057
1972869
984825
38408246
54736062
7906653
4530990
24794407
55496300
37555935
21495933
2812951
33748023
24901639
59678348
48741533
1991433
1708821
66644090
16576923
38842972
71690376
61467803
42573141
65252693
38269577
49327971
24862515
58152512
65191066
35866124
31550441
15153078
59270154
32821967
64742592
18375638
33035720
73078959
39665403
27808048
21114025
63875676
60523051
5727813
71470504
52892795
11976377
11335952
62316514
75672870
64870795
23375555
161072
6281879
17121941
60098674
65134247
33650183
21085879
62777982
17712985
7192253
52626527
1591925
62085146
66649518
16788615
47098960
13888223
9940809
7905937
4503066
23705371
13023896
52189193
60493036
4557228
25817689
19447161
74825117
31808428
25214571
71882696
68968283
31263313
3955086
2334151
15074823
56218209
65710386
56119604
61864791
58055673
61414345
40488279
59900212
57394229
35618029
21874736
17586268
2250290
11804244
4622765
28373632
43171801
12643296
37345793
13300395
62972654
25305193
75416954
54890071
13913004
10907268
45597838
31301602
5448357
60571720
7625904
69538916
53518000
36359372
50787113
5811916
74750521
28899184
63668329
52436518
70138711
952868
37161923
6129465
11177795
56148391
62987484
25883563
22016247
23105197
65574247
50810183
6711646
33882854
30160048
36884888
71282237
45550382
29450818
9224918
55943325
54989910
17806725
10848113
43290793
17283984
66418351
7773102
75279638
49534747
32926779
68830260
25880416
21893514
18318610
30811628
62296508
74892636
34441669
51953833
51313996
26360353
40611057
64688554
16268156
26801059
57798591
51388147
29252242
1480454
57737777
49016401
12711285
39997364
40754527
70283884
6614615
30098645
34490171
53845411
49128401
17079285
58435090
254471
9924440
7267546
55562954
40155441
46919530
6890453
40856327
74254084
9538141
68159022
75659271
64340434
2691476
29010498
68009575
69830838
64902958
24629912
49080995
15230451
62287701
74549163
21046222
61231359
33351825
9449917
64718286
17427704
72023431
74456948
17449837
72886618
32164104
39085935
5208796
51228841
23039308
63004576
26550151
48013179
49542764
33239442
5066980
45698017
35208583
5906342
2475998
20606856
44096085
48690372
75953291
75807214
70110211
75798505
69770560
62552116
8904211
43435752
22937385
59029579
23439542
2656565
27648969
14909944
49787928
42800838
74132876
4811029
35715928
25692797
14576373
36778659
67139306
35890347
32495138
51996261
52968688
14936204
50812068
6785161
36749939
66019226
68164364
75867609
72465616
15745026
6398989
21689231
10351573
23925733
21618014
7574110
67518950
50696463
2276566
12829008
44588561
67896936
65437917
45493313
27225127
74337243
12781342
42729587
71354087
48352532
62777531
17695396
6506282
25873658
21629952
8039692
9719511
75232452
47694493
37114010
4260858
14259259
24411213
40551734
62374957
1995010
1848324
72084707
889575
34693496
61775086
54557178
930177
36276974
47573591
32398832
48240327
58401536
74903002
34845943
67720519
58557654
5034467
44430010
61713447
52153257
59091532
25855709
20929941
56696400
8402698
23876745
19707482
9020499
47970984
47897159
45017984
8687296
34976067
72795355
28604847
52189186
60492763
4546581
25402456
3253074
50912820
10714489
38079457
41913291
39518543
22080508
25611376
11400954
64851592
22626638
46910446
6536177
27039563
67100247
34367046
49043536
13769550
5312562
55275715
28953120
65771833
58516037
3411404
57087690
23663008
11371739
63712207
54147760
60920012
21209292
67591089
53509884
36042848
38442677
56078871
60276204
72057917
75801902
69903043
67718953
58496580
2652581
27493593
8850280
41332443
16865471
50096344
54829062
11533653
70026853
72547543
18940179
55052819
20260176
30575565
53090051
19669361
7533780
65946080
65311670
40569680
63074851
29290876
2987180
40542954
62032537
64597767
12727463
40628306
65361265
42503885
62551709
8888338
42816705
74751689
28944736
65444857
45763973
37780867
30268281
41105975
8033219
9467064
65387019
43508291
25766406
17447124
72780811
28037631
30067762
33285734
6872368
40151012
46746799
153944
6003887
6280253
17058527
57625528
44638690
69851967
65726989
56767121
11160817
55486249
37163946
6208362
14254778
24236454
33736133
24437929
41593658
27052856
67618674
54585699
2042496
3700278
68353776
7297540
56732720
9819178
3162328
47373726
24604097
48074210
51922973
50110456
55379430
32998005
71608074
58258025
69306073
44437123
61990854
62972130
25284757
74619950
23806915
16984112
54723343
7410612
61142528
29887416
26252240
36394650
52162955
59469754
40606367
64505644
9134666
52423497
69630892
57105064
24340594
37797593
30920595
66546221
12760032
41898497
38941577
75535971
59531734
43023587
6862950
39783710
32422021
49144698
17714868
7265690
55490570
37332465
12780603
42700766
70230068
4515791
24201646
32378621
47452098
27660605
15363748
67486284
49422489
28548717
50000116
51076170
17085139
58663396
9158405
53349318
29780774
22093202
26106442
30708528
58275608
69991810
71180866
41596913
27179801
72569529
19797633
12536388
33176381
2607601
25739373
16392837
31663618
19566981
3540960
62140374
68803410
24833266
57011801
20703337
47858844
43523699
26367318
40882692
75282319
49639306
37004580
75950225
75687640
65446825
45840725
40774195
71050936
36529643
57427682
36922696
72756749
27099213
69426597
49137559
17436447
72364408
11797914
4375895
18745702
47468216
28289207
39879226
36147145
42510260
62800334
18584713
41189645
11296349
60771997
15436707
70331685
8478854
26846829
59583621
45047180
9825940
3426046
57658728
45933490
44392030
60232227
70342814
8912885
43774038
36130539
41862626
37542608
20976180
58499721
2775080
32271054
43256985
15965472
14996383
53159049
22360283
36522601
57153044
26211814
34818036
66632146
16111107
20676148
46798473
2169230
8642904
33244779
5275123
53815594
47965538
47684765
36734618
65421707
44861123
2569717
24261897
34728410
63136732
31704235
21151044
65319417
40871813
74858038
33092347
75287412
49837933
44751033
74233344
8729281
36613482
60697403
12527541
32831348
65108451
32644139
57807300
51727798
42498631
62346803
897004
34983227
73074595
39495207
21170404
66074457
70318373
7959686
6599277
29500463
11161073
55496233
37553322
21394026
74795715
30661750
56451266
74799609
30813616
62374040
1959247
453567
17689184
6264014
16425206
32926009
68800230
24709246
52175021
59940328
58958753
20677328
46844493
3964010
2682187
28648227
53881006
50516606
71219280
43095059
9650358
72535485
18469917
36712601
64563044
11373266
63771760
56470327
75542988
59805397
53696444
43318688
18371889
32889509
67376730
45149883
13831357
7723035
73327025
49339977
25330749
456501
17803610
10726628
38552878
60376710
20514
800117
31204634
1666605
64997666
28323524
41217589
12386165
27317684
1989829
1646265
64204406
73343521
49983321
50421165
67497081
49843572
44970954
6853126
39400574
17479717
74051938
1654447
64523504
9831206
3631420
65668314
54478796
73830416
68972226
31417090
9952389
8357557
22116246
27005158
65758452
57994178
59016040
22911521
58020883
60057535
63529826
47034901
11389922
64421344
5846966
160334
6253097
15999443
16321252
28871803
62600470
10790017
41025049
4877105
38292892
50237256
60324630
73946531
73500711
56113731
61635744
49122840
16862406
49976809
50167197
57592329
43343929
19356288
71281070
45504869
27675811
15956782
14657473
39941559
38578132
61361616
38431848
55656540
43805295
37349562
13447386
68705303
21007093
59705328
49793753
43028013
7035564
46515656
67096504
34221069
43350433
19609944
5216517
51529960
34782949
65263753
38700917
66150231
73273559
47254803
19966100
19106601
61543277
45516627
28134373
33840700
28516042
48725791
1377495
53722376
44330036
57814461
52007077
53390512
31387340
8792139
39064944
4390147
19301530
69145508
38175088
45642900
33059020
73987659
75104703
42712282
70679192
22031627
23705017
13010090
51650759
39494110
21127621
64405920
5245430
52657567
2802485
33339849
8982853
46502790
66594730
14651883
39723549
30075742
33596954
19009948
57773810
50421688
67517478
50639055
37654
1468577
57274574
30951484
67750892
59742201
51231800
23154709
67505215
50160798
57342768
33611050
19559692
3256689
51053805
16212904
24646231
49717436
40051650
42871681
938616
36606095
60409310
1291914
50384717
66075609
70363301
9711878
74934765
36084700
40074905
43778626
36309471
48840974
5869632
1044308
40728083
69252568
42350428
56566886
3351652
54757362
8737353
36928290
72974915
35607687
21471398
1856086
72387425
12695577
39384752
16862659
49986676
50552010
72600036
20987406
58937535
19849826
14571915
36604797
60358688
75274793
49345792
25557534
9301116
58915047
18972794
56324804
69867591
66336325
4574088
26475229
45091221
11543539
70412407
11627012
73667854
62632308
12031699
13493510
70504139
15204560
61277952
35168952
4360733
18154384
24406814
40380173
55684078
44879277
3277723
51874131
48205618
57047885
22110613
26785471
57190659
27678799
16073314
19202221
65272457
39040373
3431878
57886176
54803962
10554753
31849753
26826246
58780884
13740437
4177155
10994842
49013224
12587382
35165147
4212338
12366979
26569430
48765060
2908986
37493388
19056600
59593238
45422243
24453397
42196910
50579684
73679322
63079560
29474527
10149569
16047577
18198478
26126480
31490010
12796269
43311740
18100917
22321601
35014003
74274859
10348366
23800660
16740167
45209488
16155952
22425103
39050581
3829990
73412544
52675218
3490874
60187020
68579741
16110175
20639800
45380901
22841059
55272865
28841970
61436983
41371161
18375473
33029285
72827994
29877768
25875968
21720042
11553202
70789264
26324435
39210255
10057276
12448150
29735099
20311877
32591904
55770135
48235500
58213283
67561135
52341678
66439951
8615502
32176101
39553818
23456233
3307514
53035980
17560592
1248926
48708185
690861
26943650
63359640
40397647
56365564
71457231
52375148
67745281
59523372
42697469
70101485
75458191
56498314
677344
26416487
42800283
74111231
3966874
2793883
33004371
71856348
67940711
67145142
36117951
41371694
18396260
33839978
28487884
47627629
34506314
54474988
73681904
63180258
33401749
11396953
64695553
16541117
37446538
17229450
64291525
784025
30577046
53147810
21921962
19428082
74081036
2789269
32824425
64838454
22114256
26927548
62731662
15906505
12696670
39427379
18525112
38865206
72557502
19328580
70200458
3361001
55121973
22957182
59801662
53550779
37637753
24686835
51300992
25853197
20831973
52875648
11307644
61212502
32616402
56725557
9539821
68224542
2257414
12082080
15458369
71176503
41426756
20543678
41632143
28553771
50197222
58763304
13054817
53395112
31566740
15788739
8103796
12219567
20820362
52422819
69604450
56073826
60079449
64384472
4408958
20035159
21799902
14667742
40342050
54197281
62851331
20573596
42798945
74059049
1931776
75339335
51862930
47768779
40011164
41292727
15316547
65645445
53586905
39046667
3677344
67459350
48372063
63539240
47402047
25708616
15193314
60839358
18063786
20873492
54494889
74458043
17492542
74552113
21161272
65718309
56428601
73915674
72297288
9180234
54200649
62982683
25696324
14713926
42143226
48486008
67983095
68798118
24626878
48962669
10615737
34228129
43625773
30348204
44222972
53638965
41077007
6903467
41363873
18091241
21944237
20296807
32004174
32848665
65783814
58983296
21634505
8217259
16644624
41483311
22749323
51695161
41225788
12705926
39788363
32603488
56221911
65854764
61750346
53592318
39257774
11910517
8767412
38100591
42737517
71663357
60414062
1477242
57612509
44130949
50050068
53024298
17104994
59437741
39357860
15813871
9083944
50445339
68439867
10655089
35762857
27523028
9998245
10145941
15906085
12680290
38788559
69568269
54662767
5048148
44963569
6565111
28167989
35151724
3688841
67907733
65859000
61915550
60035274
62661647
13175920
58118129
63850129
59526718
42827963
75190751
46068154
49643926
37184760
7020108
45912872
43587928
28872249
62617864
11468383
67481323
49229010
21003036
59547105
43623056
30242241
40090415
44383516
59900181
57393020
35570878
20035847
21826734
15714190
5196385
50744812
4162177
10410700
26231686
35593044
20900321
55541220
39307815
13862116
8922636
44154327
50961810
12625099
36636110
61579895
46944729
7873214
3226869
49890825
46813821
2767802
31987212
32187147
39984612
40257199
50888092
9750097
468169
18258662
28473656
47072737
12865526
46012763
47483677
28892186
63395407
41792560
34810034
66320068
3940065
1748332
68185019
716017
27924734
25664779
13483671
70120418
239441
9338270
60364053
75484028
57505957
39975421
39898750
36908581
72206264
5630298
67667419
56486754
226504
8833727
40686876
67645495
55631718
42837237
75552437
60173908
68068373
72123960
2420442
18440172
35552546
19320899
69900899
67635337
55235556
27386919
4689994
30995563
69469973
50829223
7454206
62842694
20236753
29662068
17463668
73426027
53201055
23998517
24456590
42321437
55436237
35213478
6097247
9921293
7144813
50776367
5392822
58405855
75071443
41415142
20090732
23967249
23237138
70719946
23621033
9734714
75825369
70818256
27455123
7349950
58776710
13577651
73785638
67225884
39266889
12266002
22631327
47093317
13668146
1357806
52954505
14383067
29239725
992291
38699420
66091848
70996622
34411397
50773225
5270284
53626873
40605419
64468672
7692758
72146222
3288660
52300674
64840795
22205555
30488209
49683167
38715159
66705669
18978504
56547494
2595364
25262130
73737497
65348385
42001565
42961229
4430988
20894329
55307532
30193983
38208353
46940235
7697948
72348632
11182650
56337736
70371939
10048760
12116026
16782263
46851232
4226831
12932206
48613283
72946820
34511982
54696040
6345795
19614665
5400636
58710601
10999400
49190986
19520100
1712601
66791510
22326303
35197381
5469464
61394893
39729651
30313720
42878096
1188801
46363310
61155010
30374214
45237362
17243038
64821457
21451373
1075111
41929400
40146794
46582297
69695503
59624893
46656788
72600652
21011430
59874471
56390330
72423105
14087097
17696895
6564743
28153637
34591996
57816586
52089952
56622637
5525941
63597496
49674031
38358855
52809813
8740079
37034604
1164024
45397007
23469193
3812954
72748140
26763462
56332308
70160247
1792772
69918179
68309257
5561299
64976458
27496412
8960221
45620142
32171458
39372741
16394230
31717945
21685734
10215190
18606796
42050882
44884592
3485008
59958246
59657555
47930606
46322417
59560183
44133098
50133879
56292927
68624388
17851408
12590750
35296499
9335066
60239097
70610744
19362155
71509883
54428576
71871836
68544743
14745253
43364979
20177238
27340983
2898490
37084044
3092184
44638110
69829347
64844809
22362101
36593503
59918222
58096619
63011239
26810008
58147602
64999576
28398014
44122699
49728318
40476048
59423203
38790878
69658710
58189966
66651772
16876521
50527294
71636112
59351507
35994734
36566231
58854614
16615907
40363348
55027903
19288452
68635466
18283450
29440388
8818148
40079295
43949836
42986661
5422836
59576401
44765600
74801457
30885688
65184848
35623622
22092863
26093221
30192909
38166467
45306681
19946479
18341382
31699736
20975583
58476438
1867043
72814748
29361174
5728802
71509075
54397064
70642868
20614991
44413350
61063707
26813397
58279773
70154245
1558694
60789137
16105167
20444488
37763733
29600055
15045161
55061391
20594484
43613577
29872560
25672856
13798674
6448398
23616182
9545525
68446998
10933198
46609108
70741132
24447287
41958620
41286374
15068780
55982532
56518983
1483435
57854036
53550502
37626950
24265518
34869629
68644273
18626923
42835835
75497759
58041466
60860272
18879432
52683686
3821126
73066848
39193074
9387217
62272986
73975278
74621844
23880781
19864886
15159255
59511057
42217184
51370370
28558939
50398774
66623832
15786861
8030554
9363129
61333554
37337430
12974238
50252531
60920355
21222669
68112792
73856301
69981741
70788175
26281964
37553886
21416022
75653559
64117666
69960661
69966055
70176421
2423558
18561696
40291982
52244629
62655040
12918247
48068882
51715181
42006568
43156346
12040551
13838738
8010894
8596389
31430694
10482945
29049241
69520552
52801804
8427728
24852915
57778112
50589466
74060820
2000845
2075889
5002605
43187392
13251345
61059704
26657280
52191210
60571699
7625085
69506975
52272301
63734248
55007359
18487236
37388042
14948106
51276246
24888103
59150444
28153277
34577956
57269026
30735112
59312384
34468937
53017285
16831487
48770968
3139398
46479456
65684704
55118006
22802469
53767855
46103717
51030883
15318946
65739006
57235784
29438674
8751302
37472301
18234207
27519911
9876682
5404984
58880173
17612708
3281450
52019484
53874385
50258387
61148739
30129645
35699171
25039274
65046113
30212957
38948339
75799689
69816736
64352980
3180770
48092964
52654379
2678153
28490901
47745292
39095171
5569000
65276797
39209633
10033018
11502088
68795818
24537178
45464369
26096311
30313419
42866357
730980
28508291
48423502
65545361
49683629
38733177
67408371
46383882
61957318
61664226
50233638
60183528
68443553
10798843
41369263
18301451
30142427
36197669
44480696
63690201
53289526
27448886
7106707
49290233
23390733
753014
29367617
5980079
5351741
56803696
12587242
35159687
3999398
4062319
6516238
26261942
36773028
66919697
27325596
2298397
13680417
1836375
71618696
58672283
9504998
66866445
25248768
73216379
45024783
8952457
45317346
20362414
34562847
56679775
7754323
74547257
20971888
58332333
72204085
5545317
64353160
3187790
48366744
63331799
39311848
14019403
15056829
55516443
38341512
52133436
58318513
71665105
60482234
4135950
9387847
62297556
74933508
36035677
38163008
45171780
14685340
41028372
5006702
43347175
19482882
261099
10182932
17348734
68943601
30300715
42370901
57365333
34491085
53881057
50518595
71296851
46120328
51678712
40584277
63644134
51492913
33338116
8915266
43866897
39752040
31186891
974628
38010563
39226425
10687906
37042720
1480548
57741443
49159375
18287271
29589407
14629889
38865783
72580005
20206197
28470384
46945129
7888814
3835269
73618425
60704577
12807327
43743002
34920135
70614007
19489412
515769
20115062
24916119
60243068
70765613
25402046
3237084
50289210
62350836
1054291
41117420
8479574
26874909
60678741
11799723
4446446
21497191
2862013
35661441
23567804
7658783
70821197
27569822
11823211
5362478
57222439
28918219
64410694
5431616
59918821
58119980
63922318
62342089
713158
27813233
21316240
71762061
64263518
75648889
63935536
62857591
20817736
52320405
65610304
52216406
61554343
45948201
44965759
6650521
31498979
13146060
56953589
18433069
35275529
8517236
28343727
42005506
43114928
10425249
26799097
57722073
48403945
64782638
19937432
17988549
17939249
16016549
16988386
54890029
13911366
10843386
43106440
10094217
13888849
9965223
8858083
41636760
28733834
57219679
28810579
60212734
69582587
55221169
26825826
58764504
13101617
55220312
26792403
57461007
38222371
47486937
29019326
68353867
7301089
56871131
15217207
61771185
54405039
70953893
32744966
61739553
53171391
22841621
55294783
29696772
18817124
50253674
60964932
22961172
59957272
59619569
46449152
64502848
9025622
48170781
55689242
45080673
11132167
54368899
69544433
53733163
44750729
74221488
8266897
18580506
41025572
4897502
39088375
5303956
54940081
15863394
11015341
49812685
43766361
35831136
30185909
37893467
34659681
60456301
3124563
45900891
43120669
10649148
35531158
18486767
37369751
14234757
23455635
3284192
52126422
58044967
60996811
24204453
32488094
51721545
42254764
52835990
9760982
892684
34814747
66503875
11108538
53447368
33604724
19312978
69591980
55587496
41112579
8290775
19511748
1386873
54088118
58593974
6450947
23715593
13422554
67736855
59194758
29881523
26022413
27431397
6424636
22689464
49360660
26137386
31915344
29384295
6630521
30718979
58683197
9930644
7509502
64999238
28384832
43608601
29678496
18104360
22455878
40250806
50638765
26344
1027487
40072064
43667827
31988310
32229969
41654670
29432324
8503652
27813951
21344242
72854139
30897423
65642513
53472557
34587095
57625447
44635531
69728766
60922150
21292674
70842987
28419632
44965801
6652159
31562861
15637458
2203837
9992577
9924889
7285057
56245883
66789672
22254621
32401783
48355416
62890007
22081960
25668004
13609446
75025643
39628942
26386069
41613981
27845453
22572820
44811544
636136
24809375
56080052
60322263
73854218
69900504
67619932
54634761
3955914
2366443
16334211
29377204
6353972
19933568
17837853
12062105
14679344
40794528
71843923
67456136
48246717
58650746
8665055
34108668
38966794
562297
21929654
19728070
9823431
3328195
53842539
49016393
12710973
39985196
40279975
51776356
44392393
60246384
70894937
30445682
48024614
49988729
50632077
75722649
66812176
23132277
66630367
16041726
17970289
17227109
64200226
73180501
43625541
30339156
43870100
39876957
36058654
39059111
4162660
10429537
26966329
64244121
74892406
34432699
51604003
37670626
25968882
25343688
961122
37483829
18683799
45053999
10091881
13797745
6412167
22203173
30395311
46060145
49331575
25003071
63634196
51105331
18222418
27060140
67902750
65664663
54336407
68277245
4312831
16286206
27505009
9295504
58696179
10436942
27255124
75507126
58406779
75107479
42820546
74901488
34786897
65417725
44705825
72470232
15925050
13419925
67634324
55196049
25846146
20556984
42151077
48792197
3967329
2811628
33696426
22889356
57156448
26344570
39995520
40682611
67479160
49144653
17713113
7197245
52821215
9184757
54377046
69862166
66124750
72279800
8498202
27601401
13054792
53394137
31528715
14305764
26224908
35328702
10590983
33262723
5974939
5151281
48985756
11516130
69343456
45895060
42893260
1780197
69427754
49182682
19196244
65039354
29949356
28667900
54648253
4482102
22887775
57094789
23939869
22169318
29074966
70523827
15972392
15266263
63684369
53062078
18578414
40943984
1715570
66907301
26842152
59401218
37933463
36219525
45333080
20976040
58494261
2562140
23966394
23203793
69419491
48860425
6628221
30629279
55184897
25411218
3594792
64239822
74724745
27893920
24463033
42572714
65236040
37620110
23998758
24465989
42687998
69732116
61052800
26388024
41690226
30819008
62584328
10160479
16473067
34792588
65639674
53361836
30268976
41133080
9090314
50693769
2171500
8731434
36697449
63972116
64284211
498779
19452452
75031466
39856039
35242852
7242833
54599147
2566968
24154686
30547181
51983075
52454434
70837435
28203104
36521209
57098756
24094582
28203125
36522028
57130697
25340281
828249
32301782
44455377
62702760
14779327
44693865
72003792
73691027
63536055
47277832
20864231
54133710
60372062
75796379
69687646
59318470
34706291
62274091
74018373
345412
13471139
69631670
57135406
25523932
7990638
7806405
621318
24231473
33541874
16861828
49954267
49288059
23305947
73403497
52322385
65687524
55227986
27091689
69133161
37693555
26863113
60218697
69815144
64290892
759338
29614253
15598883
699412
27277139
408574
15934457
13786798
5985234
5552786
64644451
14548139
35677533
24195392
32134715
37939764
36465264
54916901
14959374
51715698
42026731
43942703
42708474
70530680
16239659
25689676
14454654
32031618
33918981
31569001
15876918
11542777
70382689
10468010
28466776
46804417
2401046
17683728
6051230
8126630
13110093
55550876
39684399
28548892
50006941
51342345
27465964
7772749
75265871
48997834
11987172
11756957
2778572
32407242
48568317
71193146
42075833
45857681
41435479
20883875
54899826
14293449
25744623
16597587
39648868
27163183
71921427
70478792
14216027
22725165
50752999
4481470
22863127
56133517
62407398
3260209
51191085
21566824
5577700
65616097
52442333
70365496
9797483
2316223
14375631
28949721
65639272
53346158
29657534
17286842
66529813
12120120
16941929
53078206
19207406
65474672
46926758
7172345
51850115
47268994
20519549
40691112
67810699
62074674
66241110
860703
33567488
17860774
12956024
49542185
33216861
4186321
11352316
62954710
24605377
48124130
53869853
50081639
54255567
65124485
33269465
6237877
15405863
69128769
37522267
20182881
27561060
11481493
67992613
69169320
39103756
5903815
2377445
16763289
46111246
51324514
26770555
56608935
4991563
42756754
72413600
13716402
3239790
50394744
66466662
9657231
72803532
28923750
64626403
13844267
8226525
17005998
55576897
40699218
68126833
74403900
15380965
68157747
75609546
62401159
3016888
41701566
31261268
3875331
75180843
45681742
34573858
57109204
24502054
44094533
48629844
73592699
59701263
49635218
36845148
69732377
61062979
26785005
57172485
26970013
64387797
4538633
25092484
67121303
35188230
5112575
47476222
28601441
52056352
55312237
30377478
45364658
22207582
30567262
52766234
7040498
46708082
74601118
23072467
64297777
1027853
40086338
44224513
53699064
43420868
22356909
36391015
52021190
53940919
52853213
10432679
27088867
69023103
33401293
11379169
64001977
65448790
45917360
43762960
35698497
25012988
64020959
66189088
74788982
30399163
46210373
55190467
25628448
12066762
14860967
47877825
44263958
55237419
27459576
7523617
65549723
49853747
45367779
22329301
35314303
10029422
11361844
63326302
39097465
5658466
68765971
23373145
67082
2616269
26077425
29576865
14140751
19789401
12215340
20655509
45993552
46734448
75629392
63175153
33202654
3632248
65700606
55738184
46989411
9615812
71188191
41882588
38321126
51338382
27311407
1745026
68056085
71644728
59687531
49099670
15958776
14735239
42974433
4945944
40977613
3027101
42099873
46795241
2043182
3727032
69397182
47990374
48653369
74510174
19525651
1929090
75234581
47777524
40352219
54593872
2361243
16131411
21468004
1723720
67225151
39238302
11151109
55107637
22398078
37996606
38682102
65416446
44655944
70524873
16013186
16857229
49774906
42292980
54326414
67887518
65070615
31168535
258744
10091087
13766779
5204493
51061024
16494445
35626330
22198475
30212089
38914487
74479461
18327844
31171754
384285
14987186
52800366
8371646
22665717
48434527
65975336
66452654
9110919
51497364
33511705
15685237
4067218
6707299
33713321
23548261
6896606
41096294
7655660
70699400
22819739
54441385
72371387
12070095
14990954
52947318
14102774
18308298
30409460
46611956
70852204
28779095
58984858
21695423
10593061
33343765
9135577
52459026
71016523
35187536
5085509
46420648
63391192
41628175
28399019
44161894
51256923
24134506
29760161
21289295
70711206
23280173
72398311
13120131
55942358
54952197
16335918
29443777
8950319
45233964
17110516
59653099
47756822
39544841
23106130
65610634
52229276
62056273
65523471
48829919
5438487
60186790
68570771
15760345
6996430
44989430
7573690
67502570
50057643
53319723
28626569
53036344
17574788
1802570
70300301
7254878
55068902
20887413
55037808
19674747
7743834
74138186
5018119
43792438
36848139
69849026
65612290
52293860
64575049
11841461
6074228
9023552
48090051
52540772
74204617
7608928
68876852
27697504
16802809
47652526
35477297
16386188
31404307
9453852
64871751
23412839
1615148
62990843
26014564
27125286
70443444
12837455
44917994
4787686
34805551
66145231
73078559
39649803
27199648
73343562
49984920
50483526
69929160
68737516
22263400
32744164
61708275
51951549
51224920
22886389
57040735
21831763
15910321
12845494
45231515
17015005
55928170
54398865
70713107
23354312
75289732
49928413
48279753
59939150
58912811
18885590
52923848
13187444
58567565
5420996
59504641
41966960
41611634
27753920
19003033
57504125
39903973
37112278
4193310
11624887
73584979
59400183
37893098
34645290
59895052
57192989
27769669
19617244
5501217
62633260
12068827
14941502
51018690
14843419
47193453
17573450
1750388
68265203
3843193
73927461
72756981
27108261
69779469
62899567
22454800
40208764
48999127
12037599
13723610
3520902
61358112
38295192
50326956
63822930
58465957
1458284
56873147
15295831
64837521
22077869
25508455
7387035
60223025
69983936
70873780
29620559
15844817
10290838
21557068
5197216
50777221
5426128
59704789
49772732
42208194
51019760
14885149
48820923
5087643
46503874
66637006
16300647
28068208
31260265
3836214
73655280
62141922
68863782
27187774
72880476
31924566
29743953
20657183
46058838
49280602
23015124
62061400
65723424
56628086
5738452
71885425
69074714
35414122
13922363
11272269
59832877
54768164
9158631
53358132
30124520
35499296
17244149
64864786
23141204
66978520
29619693
15811043
8973652
46143951
52600009
557723
21751268
12771016
42326873
55648241
43481634
24726783
52858964
10656968
35836138
30380987
45501509
27544771
10846222
43217044
14407773
30203259
38570117
61049031
26241033
35957577
35117108
2338817
15256797
63315195
38664292
64721856
17566934
1496264
58354367
73063411
39059031
4159540
10307857
22220809
31083115
72884501
32081541
35865978
31544747
14931012
50609580
74845266
32594239
55861200
51787035
44808874
532006
20748305
49612596
35962890
35324315
10419890
26590096
49571034
34341972
48065650
51589133
37090696
3351612
54755802
8676513
34555530
56394412
72582303
20295819
31965642
31345917
7176642
52017698
53804731
47541881
31162142
9417
367334
14326097
27017895
66255195
1410018
54990773
17840382
12160736
18525953
38898005
73836663
69215859
40918777
732497
28567454
50730859
3618010
65145324
34082186
37933996
36240312
46143773
52593067
286985
11192486
56721340
9375358
61810485
55937739
54772056
9310419
59277864
33122657
512365
19982306
19738635
10235466
19397560
72890678
32322444
45261195
18172525
25114313
67972634
68390139
8715697
36083706
40036139
42266752
53303522
27994730
28394623
43990450
44570607
67196730
38129883
43879905
40259352
50972059
13024810
52224839
61883230
58774794
13502927
70871402
29527817
12227879
21144530
65065371
30964019
68239757
2850799
35224095
6511310
26069750
29277540
2467076
20258898
30525723
51146213
19816816
13284525
62353724
1166923
45510068
27878572
23864461
19228406
66293672
2910621
37557153
21543435
4665529
30041428
32258708
42775491
73144343
42215379
51299975
25813534
19285116
68505362
13209394
59423615
38806946
70285362
6672257
32346683
46206516
55040044
19761951
11144790
54861196
12786879
42945530
3818727
72973287
35544195
18995210
57199028
28005190
28802563
59900110
57390251
35462887
15824198
9486697
66152706
73370084
51019278
14866351
48087801
52453022
70782367
26055452
28719918
56676955
7644343
70258037
5606582
66742495
20414718
36602703
60277022
72089819
1088943
42468848
61185266
31554198
15299601
64984551
27812039
21269674
69945987
69393769
47857267
43462196
23968701
23293766
72928438
33795084
26737018
55300992
29938923
28261013
38779660
69221208
41127388
8868326
42036237
44313437
57167100
26759998
56197212
64891503
24183167
31657940
19345539
70861859
29155640
73670113
62720409
15467638
71537994
55524905
38671530
65004138
28575932
51061501
16513048
36351847
50493638
70323528
8160731
14440032
31461360
11678919
75692227
65625718
52817552
9041900
48805623
4490943
23232574
70541950
16679189
42831346
75322688
51213697
22448692
39970552
39708859
29502832
11253464
59099482
26165759
33021891
72539628
18631494
43014104
6493113
25360067
1599903
62396288
2826919
34292775
46146967
52717633
5145059
48743098
2052468
4089186
7564051
67126649
35396724
13243841
60767048
15243696
62804256
18737671
47155007
16074056
19231159
66401039
7097934
48948086
10047000
12047386
14105303
18406929
34256069
44715433
72844944
30538818
51656918
39734311
30495460
49965956
49743930
41084916
7211918
53393462
31502390
13279089
62141720
68855904
26880532
60898038
20352306
34168635
41305507
15814967
9126688
52112355
57496354
39600904
25292587
74925320
35716345
25709060
15210630
61514682
44401422
60598515
8670909
34336974
47870728
43987175
44442882
62215455
71731569
63074330
29270557
2194739
9637755
72043968
75257891
48686614
75806729
70091296
75060820
41000845
3933149
1478608
57665783
46208635
55122685
22984950
60884614
19828770
13750731
4578621
26652016
51985914
52565155
75155554
44695471
72066426
176616
6888095
40764365
70667566
21578213
6021871
6981629
44412191
61018506
25050558
65486189
47375921
24689702
51412805
30213904
38985272
1282939
50034692
52424634
69675235
58834441
15829160
9680215
73699908
63882414
60785833
15976311
15419104
69645168
57661828
46054390
49107130
16249716
26081899
29751351
20945705
57311196
32379742
47495817
29365646
5903210
2353850
15843084
10223251
18921175
54311663
67312229
42634344
67639610
55402203
33886152
30288670
41901146
39044888
3607963
64753491
18800699
49613099
35982507
36089378
40257347
50893864
9975205
9247381
56819382
13198996
59018093
22991588
61143496
29925168
27724568
17858305
12859733
45786836
38672524
65042904
30087806
34067450
37359292
13826856
7547496
66481004
10216569
18660577
44148341
50728356
3520393
61338261
37521003
20133585
25638516
12459414
30174395
37444421
17146887
61071568
27119976
70236354
4760945
33762652
25472170
5971920
5033540
44393857
60303480
73121681
41331561
16831073
48754822
2509704
21921390
19405774
73211024
44815938
807502
31492649
12899190
47325659
22729484
50921440
11050669
51190477
21543112
4652932
29550145
13098671
55105418
22311537
34621507
58967515
21019046
60171495
67974266
68453787
11197969
56935177
17715001
7270877
55692863
45221892
16639708
41291587
15272087
63911505
61920382
60223722
70011119
71933917
70965902
33213317
4048105
5961892
4642448
29141269
73109644
40862118
74479933
18346252
31889666
28382853
43531420
26668437
52626333
1584359
61790072
55141632
23723883
13745864
4388808
19249309
67108889
34704084
62188018
70661526
21342653
72792168
28480554
47341759
23357384
75409540
54600925
2636310
26859024
60059226
63595775
49606912
35741214
26678951
53036379
17576153
1855805
72376466
12268176
22716113
50399971
66670515
17607498
3078260
44095074
48650943
74415560
15835705
9935470
7697716
72339584
10829778
42575728
65353586
42204404
50871950
9120559
51873324
48174145
55820438
50197317
58767009
13199312
59030417
23472224
3931163
1401154
54645077
4358238
18057079
20611919
44293542
56391195
72456840
15402762
69007830
32805646
64106073
69508534
52333102
66105487
71528543
55156316
24296559
36080228
39900497
36976714
74863451
33303454
7563448
67103132
34479561
53431621
32990591
71318928
46981331
9300692
58898511
18327890
31173548
454251
17715860
7304378
56999402
20219776
28999965
67598788
53810145
47753027
39396836
17333935
68366440
7791436
37527
1463624
57081407
23417971
1815296
70796615
26611124
50391126
66325560
4154253
10101664
14179282
21292110
70820991
27561788
11509885
69099901
36396415
52231790
62154319
69347265
46043611
48686749
75811994
70296631
7111748
49486832
31058094
71908682
69981737
70788019
26275880
37316610
12162258
18585311
41212967
12205907
20287622
31645959
18878280
52638758
2068934
4731360
32608837
56430522
73990593
75219129
47174896
16849727
49482328
30882438
65058098
30680372
57177524
27166534
72052116
75575663
61079722
27437982
6681451
32705249
60190590
68718971
21540145
4537219
25037338
64970609
27268301
63892
2491859
21225435
68220666
2106250
6186684
13409336
67221353
39090180
5374351
57685486
46977052
9133811
52390152
68330437
6387319
21234101
68558640
15287236
64502316
9004874
47361609
24131534
29644253
16768883
46329412
59832988
54772493
9327462
59942541
59045060
24043301
26203166
34480764
53478538
34820354
66722548
19636785
6263316
16397984
31864351
27395568
5027305
44150692
50820045
7096264
48882956
7506930
64898930
24472820
42954407
4164930
10518067
30418999
46983977
9403886
62923077
23371690
10337
403214
15725417
5634238
67821079
62479494
6071953
8934827
44629776
69504321
52168795
59697514
49489007
31142919
75216857
47086288
13394015
66623834
15786939
8033596
9481767
65960436
65871554
62405156
3172771
47781003
40487900
59885431
56817770
13136128
56566241
3326497
53776317
46433735
63901585
61533502
45135402
13266598
61654571
49857093
45498273
27418567
5924266
3175034
47869260
43929923
42210054
51092300
17714209
7239989
54488231
74198381
7365724
59391896
37569905
22040763
24061321
26905946
61889184
59007000
22558961
44271043
55513734
38235861
48013047
49537616
33038670
73194009
44152353
50884824
9622645
71454678
52275581
63862168
59996239
61139282
29760822
21315074
71716587
62490032
6482935
24963125
62076302
66304602
3336891
54181683
62243009
72806175
29026827
68646406
18710110
46080128
50110912
55397214
33691581
22700401
49787203
42772563
73030151
37761891
29528217
12243479
21752930
12835834
44854775
2322145
14606589
37957083
37140705
5301963
54862354
12832041
44706848
72510129
17481033
74103262
3656083
66630171
16034082
17672173
5600585
66508612
11293281
60652345
10770279
40255267
50812744
6811525
37778135
30161733
36950603
73845122
69545760
53784916
46769096
1023527
39917624
37644667
24956481
61817186
56199078
64964277
27021353
66390057
6669636
32244464
42219975
51479219
32804050
64043829
67081018
33617115
19796227
12481554
31037855
71119361
39198218
9587833
70097010
75283666
49691839
39053367
3938644
1692913
66023678
68337992
6681964
32725256
60970863
23192481
68978323
31654873
19225926
66196952
75095678
42360307
56952167
18377611
33112667
122755
4787516
34798921
65886661
62994329
26150518
32427492
49358067
26036259
27971391
27484402
8491831
27352932
3364501
55258473
28280682
39546751
23180620
68515744
13614292
75214637
46999708
10017395
10892791
45033235
9282085
58172838
65983780
66781970
21954243
20687041
47223300
18737483
47147675
15788108
8079187
11259816
59347210
35827151
30030494
31832282
26144877
32207493
40778106
71203465
42478274
61552880
45891144
42740536
71781098
65005961
28647029
53834284
48694448
155118
6049673
8065907
10741896
39148330
7642201
70174499
2348600
15638334
2238001
11324973
61888333
58973811
21264590
69747711
61661005
50108019
55284387
29291328
3004808
41230446
12887588
46873181
5082842
46316635
59334685
35338676
10979969
48433177
65922686
64399304
4987406
42594631
66090803
70955867
32821952
64742007
18352823
32145935
38377344
53530884
36861848
70383677
10506542
29969524
29454452
9366644
61470639
42683745
69566249
54583987
1975728
1096326
42756785
72414809
13763553
5078679
46154278
53002762
16265090
26681485
53135205
21430367
255877
9979274
9406072
63008331
26696596
53724534
44414198
61096779
28103205
32625148
57066651
22842487
55328557
31013958
70187378
2850881
35227293
6636032
30933908
67065428
33009105
72040974
75141125
44132740
50119917
55748409
47388186
25168037
70067870
74147206
5369899
57511858
40205560
48874171
7164315
51536945
35055364
75887938
73258447
46665435
72937885
34163517
41105905
8030489
9360594
61234689
33481695
14514847
34379145
49515397
32172129
39398910
17414821
71520994
54861905
12814530
44023919
45875898
42145942
48591932
72114131
2037111
3490263
60163191
67650410
55823403
50312952
63276774
37165873
6283515
17185745
62587030
10265857
20582809
43158252
12114885
16737764
45115771
12500989
31795820
24722859
52705928
4688564
30939793
67294943
41960190
41347604
17456750
73156225
42678777
69372497
47027659
11107484
53406262
32001590
32747889
61853550
57617274
44316784
57297633
31850785
26866494
60350556
74957645
36977020
74875385
33768880
25715062
15444708
70643724
20648375
45715326
35883634
32233331
41785788
34545926
56019856
57974619
58253239
69119419
37157617
5961531
4628369
28592188
51695485
41238424
13198730
59007719
22587002
45364642
22206958
30542926
51817130
45982579
46306501
58939459
19924862
17498319
74777416
29948089
28618487
52721146
5282066
54086371
58525841
3793760
71999574
73526525
57120477
24941701
61240766
33718698
23757964
15075023
56226009
66014586
67983404
68810169
25096867
67292240
41854773
37236341
9031767
48410436
65035787
29810243
23242493
70928791
31765988
23559411
7331456
58055444
61405414
40139970
46316161
59316199
34617722
58819900
15262061
63520491
46670836
73148524
42378438
57659276
45954862
45225538
16781902
46837153
3677750
67475184
48989589
11665617
75173449
45393376
23327584
74247340
9275125
57901398
55397620
33707415
23317927
73870717
70543965
16757774
45896161
42936199
3454818
58780836
13738565
4104147
8147530
13925193
11382639
64137307
70726660
23882879
19946708
18350313
32048045
34559634
56554468
2867350
35869584
31685381
20415738
36642483
61828442
56638062
6127516
11101784
53183962
23331890
74415274
15824551
9500464
66689619
18352554
32135444
37968195
37574073
22203315
30400849
46276127
57754873
49683145
38714301
66672207
17673486
5651792
68505685
13221991
59914898
57966983
57955435
57505063
39940555
38538976
59834532
54832709
11675886
75573940
61012525
24817299
56389088
72374667
12198015
19979834
19642227
6475554
24675266
50849801
8256748
18184695
25588943
10526067
30730999
59151977
28213064
36909649
72247916
7254726
55062974
20656221
46021320
47817400
41907383
39288131
13094440
54940409
15876186
11514229
69269317
43003639
6084978
9442802
64440801
6605789
29754431
21065825
61995876
63167988
32923219
68691420
20465656
38589285
61796583
55395561
33627114
20186188
27690033
16511440
36289135
48047870
50895713
10047316
12059710
14585939
37151733
5732055
71635942
59344877
35736164
26482001
45355329
21843751
16377853
31079242
72733454
26190708
33994902
34529920
55395622
33629493
20278969
31308492
5717067
71051410
36548129
58148636
65039902
29970728
29501408
11197928
56933578
17652640
4838798
36798919
67929446
66705807
18983886
56757392
10781386
40688440
67706491
58010562
59655016
47831585
42460598
60863516
19005948
57617810
44337688
58112889
63645769
51556678
35824951
29944694
28486082
47557351
31765472
23539287
6546620
27446840
7026913
46178267
53938333
52752359
6499373
25604207
11121363
53947543
53111549
20507783
40232238
49914613
47741553
38949350
75839118
71354467
48367352
63355511
40236616
50085355
54400491
70776521
25827458
19828152
13726629
3638643
65950011
65464979
46548731
68386429
8571007
30440796
47834060
42557123
64627991
13906199
10641873
35247433
7421492
61566848
46435896
63985864
64820383
21409487
75398694
54177931
62096681
67099383
34333350
47729392
38475071
57342237
33590341
18752041
47715437
37930826
36116682
41322203
16466111
34521304
55059598
20524557
40886424
75427867
55315678
30511677
50598419
74409987
15618358
1458937
56898614
16289044
27615691
13612102
75129227
43668718
32023059
33585180
18550762
39865556
35614015
21718190
11480974
67972372
68379921
8317195
20542128
41571693
26196221
34209909
42915193
2635584
26830710
58954980
20530181
41105760
8024834
9140049
52633434
1861298
72590693
20623029
44726832
73289505
47876697
44219966
53521731
36504881
56461964
75216831
47085274
13354469
65081540
31594610
16875669
50494066
70340220
8811719
39828564
34171327
41410495
19909499
16899162
51410293
30115936
35164520
4187885
11413312
65333554
41423156
20403278
36156543
42876782
1137555
44364716
59166981
28798220
59730733
50784548
5711881
70849156
28660223
54348850
68762522
23238634
70778290
25896449
22518801
42704803
70387511
10656068
