2500
225647
8800304
39383379
16809112
47898343
45064160
10488160
29252626
1495430
58321841
71794897
65544122
49635308
36848658
69869267
66401689
7123284
49936736
48604350
72598433
20924889
56499372
718606
28025705
29602648
15146288
59005344
22494377
41752267
33238607
5034415
44427982
61634355
49068669
14749737
43539855
26997402
65455968
46197302
54680698
5747457
72236620
6814182
37881758
34203030
42646912
68129762
74518131
19835974
14031687
15535905
74200407
7444738
62473442
5835925
75686872
65416873
44672597
71174340
41342399
17253755
65239420
37751930
29139738
73049935
38533467
59619681
46453520
64673200
15669350
3447625
58500309
2798012
33165402
2179420
9040314
48743769
2078637
5109777
47367100
24345683
37996064
38660964
64592064
12505046
31954043
30893556
65491700
47590850
33071933
74491266
18788239
49127159
17030847
56546008
2537410
23001924
61546600
45646224
33188656
3086326
44409648
60919329
21182655
66552246
12995007
51062522
16552867
37904788
35101200
1718405
67017866
31154187
75656309
64224916
74143411
5221894
51739663
42961366
4436331
21102706
63434235
43306852
17910285
14886953
48891279
7831527
1601076
62442035
4611052
27916825
25356328
1454082
56709269
8904589
43450494
23512323
5495024
62391733
2649274
27364620
3820333
73035921
37986921
38304387
50685561
1851388
72204203
5549919
64532638
10187432
17524234
75788101
69364804
46727632
75363568
52808017
8670035
34302888
46541374
68099506
73338147
49773735
42247311
52545323
74382106
14530999
35009073
74082589
2849836
35186538
5046587
44902690
4190830
11528167
69812899
64203337
73301830
48357372
62966291
25057036
65738831
57228959
29172499
74327614
12405811
28083878
31871395
27670284
15741229
6250906
15913994
12988741
50818148
7022281
45997619
46893061
5858162
596978
23282213
72477871
16222971
25038844
65029343
29558927
13441169
68462840
11551036
70704790
23029949
62639575
12315112
24546617
45832490
40453030
58525501
3780500
71482434
53358065
30121907
35397389
13269776
61778513
54690831
6142644
11691776
236513
9224078
55910565
53712270
43935902
42443235
60186359
68553962
15104794
57387078
35339140
10998065
49138921
17489565
74436010
16633255
41039920
5457074
60911683
20884461
54922680
15184755
60505557
5045547
44862130
2608990
25793544
18505506
38100572
42736776
71634458
59287001
33479000
14409742
30280050
41564966
25933868
23978142
23661965
11331062
62125804
68235180
2672296
28262478
38836795
71449473
52072586
55945363
55069392
20906523
55783098
48741057
1972869
984825
38408246
54736062
7906653
4530990
24794407
55496300
37555935
21495933
2812951
33748023
24901639
59678348
48741533
1991433
1708821
66644090
16576923
38842972
71690376
61467803
42573141
65252693
38269577
49327971
24862515
58152512
65191066
35866124
31550441
15153078
59270154
32821967
64742592
18375638
33035720
73078959
39665403
27808048
21114025
63875676
60523051
5727813
71470504
52892795
11976377
11335952
62316514
75672870
64870795
23375555
161072
6281879
17121941
60098674
65134247
33650183
21085879
62777982
17712985
7192253
52626527
1591925
62085146
66649518
16788615
47098960
13888223
9940809
7905937
4503066
23705371
13023896
52189193
60493036
4557228
25817689
19447161
74825117
31808428
25214571
71882696
68968283
31263313
3955086
2334151
15074823
56218209
65710386
56119604
61864791
58055673
61414345
40488279
59900212
57394229
35618029
21874736
17586268
2250290
11804244
4622765
28373632
43171801
12643296
37345793
13300395
62972654
25305193
75416954
54890071
13913004
10907268
45597838
31301602
5448357
60571720
7625904
69538916
53518000
36359372
50787113
5811916
74750521
28899184
63668329
52436518
70138711
952868
37161923
6129465
11177795
56148391
62987484
25883563
22016247
23105197
65574247
50810183
6711646
33882854
30160048
36884888
71282237
45550382
29450818
9224918
55943325
54989910
17806725
10848113
43290793
17283984
66418351
7773102
75279638
49534747
32926779
68830260
25880416
21893514
18318610
30811628
62296508
74892636
34441669
51953833
51313996
26360353
40611057
64688554
16268156
26801059
57798591
51388147
29252242
1480454
57737777
49016401
12711285
39997364
40754527
70283884
6614615
30098645
34490171
53845411
49128401
17079285
58435090
254471
9924440
7267546
55562954
40155441
46919530
6890453
40856327
74254084
9538141
68159022
75659271
64340434
2691476
29010498
68009575
69830838
64902958
24629912
49080995
15230451
62287701
74549163
21046222
61231359
33351825
9449917
64718286
17427704
72023431
74456948
17449837
72886618
32164104
39085935
5208796
51228841
23039308
63004576
26550151
48013179
49542764
33239442
5066980
45698017
35208583
5906342
2475998
20606856
44096085
48690372
75953291
75807214
70110211
75798505
69770560
62552116
8904211
43435752
22937385
59029579
23439542
2656565
27648969
14909944
49787928
42800838
74132876
4811029
35715928
25692797
14576373
36778659
67139306
35890347
32495138
51996261
52968688
14936204
50812068
6785161
36749939
66019226
68164364
75867609
72465616
15745026
6398989
21689231
10351573
23925733
21618014
7574110
67518950
50696463
2276566
12829008
44588561
67896936
65437917
45493313
27225127
74337243
12781342
42729587
71354087
48352532
62777531
17695396
6506282
25873658
21629952
8039692
9719511
75232452
47694493
37114010
4260858
14259259
24411213
40551734
62374957
1995010
1848324
72084707
889575
34693496
61775086
54557178
930177
36276974
47573591
32398832
48240327
58401536
74903002
34845943
67720519
58557654
5034467
44430010
61713447
52153257
59091532
25855709
20929941
56696400
8402698
23876745
19707482
9020499
47970984
47897159
45017984
8687296
34976067
72795355
28604847
52189186
60492763
4546581
25402456
3253074
50912820
10714489
38079457
41913291
39518543
22080508
25611376
11400954
64851592
22626638
46910446
6536177
27039563
67100247
34367046
49043536
13769550
5312562
55275715
28953120
65771833
58516037
3411404
57087690
23663008
11371739
63712207
54147760
60920012
21209292
67591089
53509884
36042848
38442677
56078871
60276204
72057917
75801902
69903043
67718953
58496580
2652581
27493593
8850280
41332443
16865471
50096344
54829062
11533653
70026853
72547543
18940179
55052819
20260176
30575565
53090051
19669361
7533780
65946080
65311670
40569680
63074851
29290876
2987180
40542954
62032537
64597767
12727463
40628306
65361265
42503885
62551709
8888338
42816705
74751689
28944736
65444857
45763973
37780867
30268281
41105975
8033219
9467064
65387019
43508291
25766406
17447124
72780811
28037631
30067762
33285734
6872368
40151012
46746799
153944
6003887
6280253
17058527
57625528
44638690
69851967
65726989
56767121
11160817
55486249
37163946
6208362
14254778
24236454
33736133
24437929
41593658
27052856
67618674
54585699
2042496
3700278
68353776
7297540
56732720
9819178
3162328
47373726
24604097
48074210
51922973
50110456
55379430
32998005
71608074
58258025
69306073
44437123
61990854
62972130
25284757
74619950
23806915
16984112
54723343
7410612
61142528
29887416
26252240
36394650
52162955
59469754
40606367
64505644
9134666
52423497
69630892
57105064
24340594
37797593
30920595
66546221
12760032
41898497
38941577
75535971
59531734
43023587
6862950
39783710
32422021
49144698
17714868
7265690
55490570
37332465
12780603
42700766
70230068
4515791
24201646
32378621
47452098
27660605
15363748
67486284
49422489
28548717
50000116
51076170
17085139
58663396
9158405
53349318
29780774
22093202
26106442
30708528
58275608
69991810
71180866
41596913
27179801
72569529
19797633
12536388
33176381
2607601
25739373
16392837
31663618
19566981
3540960
62140374
68803410
24833266
57011801
20703337
47858844
43523699
26367318
40882692
75282319
49639306
37004580
75950225
75687640
65446825
45840725
40774195
71050936
36529643
57427682
36922696
72756749
27099213
69426597
49137559
17436447
72364408
11797914
4375895
18745702
47468216
28289207
39879226
36147145
42510260
62800334
18584713
41189645
11296349
60771997
15436707
70331685
8478854
26846829
59583621
45047180
9825940
3426046
57658728
45933490
44392030
60232227
70342814
8912885
43774038
36130539
41862626
37542608
20976180
58499721
2775080
32271054
43256985
15965472
14996383
53159049
22360283
36522601
57153044
26211814
34818036
66632146
16111107
20676148
46798473
2169230
8642904
33244779
5275123
53815594
47965538
47684765
36734618
65421707
44861123
2569717
24261897
34728410
63136732
31704235
21151044
65319417
40871813
74858038
33092347
75287412
49837933
44751033
74233344
8729281
36613482
60697403
12527541
32831348
65108451
32644139
57807300
51727798
42498631
62346803
897004
34983227
73074595
39495207
21170404
66074457
70318373
7959686
6599277
29500463
11161073
55496233
37553322
21394026
74795715
30661750
56451266
74799609
30813616
62374040
1959247
453567
17689184
6264014
16425206
32926009
68800230
24709246
52175021
59940328
58958753
20677328
46844493
3964010
2682187
28648227
53881006
50516606
71219280
43095059
9650358
72535485
18469917
36712601
64563044
11373266
63771760
56470327
75542988
59805397
53696444
43318688
18371889
32889509
67376730
45149883
13831357
7723035
73327025
49339977
25330749
456501
17803610
10726628
38552878
60376710
20514
800117
31204634
1666605
64997666
28323524
41217589
12386165
27317684
1989829
1646265
64204406
73343521
49983321
50421165
67497081
49843572
44970954
6853126
39400574
17479717
74051938
1654447
64523504
9831206
3631420
65668314
54478796
73830416
68972226
31417090
9952389
8357557
22116246
27005158
65758452
57994178
59016040
22911521
58020883
60057535
63529826
47034901
11389922
64421344
5846966
160334
6253097
15999443
16321252
28871803
62600470
10790017
41025049
4877105
38292892
50237256
60324630
73946531
73500711
56113731
61635744
49122840
16862406
49976809
50167197
57592329
43343929
19356288
71281070
45504869
27675811
15956782
14657473
39941559
38578132
61361616
38431848
55656540
43805295
37349562
13447386
68705303
21007093
59705328
49793753
43028013
7035564
46515656
67096504
34221069
43350433
19609944
5216517
51529960
34782949
65263753
38700917
66150231
73273559
47254803
19966100
19106601
61543277
45516627
28134373
33840700
28516042
48725791
1377495
53722376
44330036
57814461
52007077
53390512
31387340
8792139
39064944
4390147
19301530
69145508
38175088
45642900
33059020
73987659
75104703
42712282
70679192
22031627
23705017
13010090
51650759
39494110
21127621
64405920
5245430
52657567
2802485
33339849
8982853
46502790
66594730
14651883
39723549
30075742
33596954
19009948
57773810
50421688
67517478
50639055
37654
1468577
57274574
30951484
67750892
59742201
51231800
23154709
67505215
50160798
57342768
33611050
19559692
3256689
51053805
16212904
24646231
49717436
40051650
42871681
938616
36606095
60409310
1291914
50384717
66075609
70363301
9711878
74934765
36084700
40074905
43778626
36309471
48840974
5869632
1044308
40728083
69252568
42350428
56566886
3351652
54757362
8737353
36928290
72974915
35607687
21471398
1856086
72387425
12695577
39384752
16862659
49986676
50552010
72600036
20987406
58937535
19849826
14571915
36604797
60358688
75274793
49345792
25557534
9301116
58915047
18972794
56324804
69867591
66336325
4574088
26475229
45091221
11543539
70412407
11627012
73667854
62632308
12031699
13493510
70504139
15204560
61277952
35168952
4360733
18154384
24406814
40380173
55684078
44879277
3277723
51874131
48205618
57047885
22110613
26785471
57190659
27678799
16073314
19202221
65272457
39040373
3431878
57886176
54803962
10554753
31849753
26826246
58780884
13740437
4177155
10994842
49013224
12587382
35165147
4212338
12366979
26569430
48765060
2908986
37493388
19056600
59593238
45422243
24453397
42196910
50579684
73679322
63079560
29474527
10149569
16047577
18198478
26126480
31490010
12796269
43311740
18100917
22321601
35014003
74274859
10348366
23800660
16740167
45209488
16155952
22425103
39050581
3829990
73412544
52675218
3490874
60187020
68579741
16110175
20639800
45380901
22841059
55272865
28841970
61436983
41371161
18375473
33029285
72827994
29877768
25875968
21720042
11553202
70789264
26324435
39210255
10057276
12448150
29735099
20311877
32591904
55770135
48235500
58213283
67561135
52341678
66439951
8615502
32176101
39553818
23456233
3307514
53035980
17560592
1248926
48708185
690861
26943650
63359640
40397647
56365564
71457231
52375148
67745281
59523372
42697469
70101485
75458191
56498314
677344
26416487
42800283
74111231
3966874
2793883
33004371
71856348
67940711
67145142
36117951
41371694
18396260
33839978
28487884
47627629
34506314
54474988
73681904
63180258
33401749
11396953
64695553
16541117
37446538
17229450
64291525
784025
30577046
53147810
21921962
19428082
74081036
2789269
32824425
64838454
22114256
26927548
62731662
15906505
12696670
39427379
18525112
38865206
72557502
19328580
70200458
3361001
55121973
22957182
59801662
53550779
37637753
24686835
51300992
25853197
20831973
52875648
11307644
61212502
32616402
56725557
9539821
68224542
2257414
12082080
15458369
71176503
41426756
20543678
41632143
28553771
50197222
58763304
13054817
53395112
31566740
15788739
8103796
12219567
20820362
52422819
69604450
56073826
60079449
64384472
4408958
20035159
21799902
14667742
40342050
54197281
62851331
20573596
42798945
74059049
1931776
75339335
51862930
47768779
40011164
41292727
15316547
65645445
53586905
39046667
3677344
67459350
48372063
63539240
47402047
25708616
15193314
60839358
18063786
20873492
54494889
74458043
17492542
74552113
21161272
65718309
56428601
73915674
72297288
9180234
54200649
62982683
25696324
14713926
42143226
48486008
67983095
68798118
24626878
48962669
10615737
34228129
43625773
30348204
44222972
53638965
41077007
6903467
41363873
18091241
21944237
20296807
32004174
32848665
65783814
58983296
21634505
8217259
16644624
41483311
22749323
51695161
41225788
12705926
39788363
32603488
56221911
65854764
61750346
53592318
39257774
11910517
8767412
38100591
42737517
71663357
60414062
1477242
57612509
44130949
50050068
53024298
17104994
59437741
39357860
15813871
9083944
50445339
68439867
10655089
35762857
27523028
9998245
10145941
15906085
12680290
38788559
69568269
54662767
5048148
44963569
6565111
28167989
35151724
3688841
67907733
65859000
61915550
60035274
62661647
13175920
58118129
63850129
59526718
42827963
75190751
46068154
49643926
37184760
7020108
45912872
43587928
28872249
62617864
11468383
67481323
49229010
21003036
59547105
43623056
30242241
40090415
44383516
59900181
57393020
35570878
20035847
21826734
15714190
5196385
50744812
4162177
10410700
26231686
35593044
20900321
55541220
39307815
13862116
8922636
44154327
50961810
12625099
36636110
61579895
46944729
7873214
3226869
49890825
46813821
2767802
31987212
32187147
39984612
40257199
50888092
9750097
468169
18258662
28473656
47072737
12865526
46012763
47483677
28892186
63395407
41792560
34810034
66320068
3940065
1748332
68185019
716017
27924734
25664779
13483671
70120418
239441
9338270
60364053
75484028
57505957
39975421
39898750
36908581
72206264
5630298
67667419
56486754
226504
8833727
40686876
67645495
55631718
42837237
75552437
60173908
68068373
72123960
2420442
18440172
35552546
19320899
69900899
67635337
55235556
27386919
4689994
30995563
69469973
50829223
7454206
62842694
20236753
29662068
17463668
73426027
53201055
23998517
24456590
42321437
55436237
35213478
6097247
9921293
7144813
50776367
5392822
58405855
75071443
41415142
20090732
23967249
23237138
70719946
23621033
9734714
75825369
70818256
27455123
7349950
58776710
13577651
73785638
67225884
39266889
12266002
22631327
47093317
13668146
1357806
52954505
14383067
29239725
992291
38699420
66091848
70996622
34411397
50773225
5270284
53626873
40605419
64468672
7692758
72146222
3288660
52300674
64840795
22205555
30488209
49683167
38715159
66705669
18978504
56547494
2595364
25262130
73737497
65348385
42001565
42961229
4430988
20894329
55307532
30193983
38208353
46940235
7697948
72348632
11182650
56337736
70371939
10048760
12116026
16782263
46851232
4226831
12932206
48613283
72946820
34511982
54696040
6345795
19614665
5400636
58710601
10999400
49190986
19520100
1712601
66791510
22326303
35197381
5469464
61394893
39729651
30313720
42878096
1188801
46363310
61155010
30374214
45237362
17243038
64821457
21451373
1075111
41929400
40146794
46582297
69695503
59624893
46656788
72600652
21011430
59874471
56390330
72423105
14087097
17696895
6564743
28153637
34591996
57816586
52089952
56622637
5525941
63597496
49674031
38358855
52809813
8740079
37034604
1164024
45397007
23469193
3812954
72748140
26763462
56332308
70160247
1792772
69918179
68309257
5561299
64976458
27496412
8960221
45620142
32171458
39372741
16394230
31717945
21685734
10215190
18606796
42050882
44884592
3485008
59958246
59657555
47930606
46322417
59560183
44133098
50133879
56292927
68624388
17851408
12590750
35296499
9335066
60239097
70610744
19362155
71509883
54428576
71871836
68544743
14745253
43364979
20177238
27340983
2898490
37084044
3092184
44638110
69829347
64844809
22362101
36593503
59918222
58096619
63011239
26810008
58147602
64999576
28398014
44122699
49728318
40476048
59423203
38790878
69658710
58189966
66651772
16876521
50527294
71636112
59351507
35994734
36566231
58854614
16615907
40363348
55027903
19288452
68635466
18283450
29440388
8818148
40079295
43949836
42986661
5422836
59576401
44765600
74801457
30885688
65184848
35623622
22092863
26093221
30192909
38166467
45306681
19946479
18341382
31699736
20975583
58476438
1867043
72814748
29361174
5728802
71509075
54397064
70642868
20614991
44413350
61063707
26813397
58279773
70154245
1558694
60789137
16105167
20444488
37763733
29600055
15045161
55061391
20594484
43613577
29872560
25672856
13798674
6448398
23616182
9545525
68446998
10933198
46609108
70741132
24447287
41958620
41286374
15068780
55982532
56518983
1483435
57854036
53550502
37626950
24265518
34869629
68644273
18626923
42835835
75497759
58041466
60860272
18879432
52683686
3821126
73066848
39193074
9387217
62272986
73975278
74621844
23880781
19864886
15159255
59511057
42217184
51370370
28558939
50398774
66623832
15786861
8030554
9363129
61333554
37337430
12974238
50252531
60920355
21222669
68112792
73856301
69981741
70788175
26281964
37553886
21416022
75653559
64117666
69960661
69966055
70176421
2423558
18561696
40291982
52244629
62655040
12918247
48068882
51715181
42006568
43156346
12040551
13838738
8010894
8596389
31430694
10482945
29049241
69520552
52801804
8427728
24852915
57778112
50589466
74060820
2000845
2075889
5002605
43187392
13251345
61059704
26657280
52191210
60571699
7625085
69506975
52272301
63734248
55007359
18487236
37388042
14948106
51276246
24888103
59150444
28153277
34577956
57269026
30735112
59312384
34468937
53017285
16831487
48770968
3139398
46479456
65684704
55118006
22802469
53767855
46103717
51030883
15318946
65739006
57235784
29438674
8751302
37472301
18234207
27519911
9876682
5404984
58880173
17612708
3281450
52019484
53874385
50258387
61148739
30129645
35699171
25039274
65046113
30212957
38948339
75799689
69816736
64352980
3180770
48092964
52654379
2678153
28490901
47745292
39095171
5569000
65276797
39209633
10033018
11502088
68795818
24537178
45464369
26096311
30313419
42866357
730980
28508291
48423502
65545361
49683629
38733177
67408371
46383882
61957318
61664226
50233638
60183528
68443553
10798843
41369263
18301451
30142427
36197669
44480696
63690201
53289526
27448886
7106707
49290233
23390733
753014
29367617
5980079
5351741
56803696
12587242
35159687
3999398
4062319
6516238
26261942
36773028
66919697
27325596
2298397
13680417
1836375
71618696
58672283
9504998
66866445
25248768
73216379
45024783
8952457
45317346
20362414
34562847
56679775
7754323
74547257
20971888
58332333
72204085
5545317
64353160
3187790
48366744
63331799
39311848
14019403
15056829
55516443
38341512
52133436
58318513
71665105
60482234
4135950
9387847
62297556
74933508
36035677
38163008
45171780
14685340
41028372
5006702
43347175
19482882
261099
10182932
17348734
68943601
30300715
42370901
57365333
34491085
53881057
50518595
71296851
46120328
51678712
40584277
63644134
51492913
33338116
8915266
43866897
39752040
31186891
974628
38010563
39226425
10687906
37042720
1480548
57741443
49159375
18287271
29589407
14629889
38865783
72580005
20206197
28470384
46945129
7888814
3835269
73618425
60704577
12807327
43743002
34920135
70614007
19489412
515769
20115062
24916119
60243068
70765613
25402046
3237084
50289210
62350836
1054291
41117420
8479574
26874909
60678741
11799723
4446446
21497191
2862013
35661441
23567804
7658783
70821197
27569822
11823211
5362478
57222439
28918219
64410694
5431616
59918821
58119980
63922318
62342089
713158
27813233
21316240
71762061
64263518
75648889
63935536
62857591
20817736
52320405
65610304
52216406
61554343
45948201
44965759
6650521
31498979
13146060
56953589
18433069
35275529
8517236
28343727
42005506
43114928
10425249
26799097
57722073
48403945
64782638
19937432
17988549
17939249
16016549
16988386
54890029
13911366
10843386
43106440
10094217
13888849
9965223
8858083
41636760
28733834
57219679
28810579
60212734
69582587
55221169
26825826
58764504
13101617
55220312
26792403
57461007
38222371
47486937
29019326
68353867
7301089
56871131
15217207
61771185
54405039
70953893
32744966
61739553
53171391
22841621
55294783
29696772
18817124
50253674
60964932
22961172
59957272
59619569
46449152
64502848
9025622
48170781
55689242
45080673
11132167
54368899
69544433
53733163
44750729
74221488
8266897
18580506
41025572
4897502
39088375
5303956
54940081
15863394
11015341
49812685
43766361
35831136
30185909
37893467
34659681
60456301
3124563
45900891
43120669
10649148
35531158
18486767
37369751
14234757
23455635
3284192
52126422
58044967
60996811
24204453
32488094
51721545
42254764
52835990
9760982
892684
34814747
66503875
11108538
53447368
33604724
19312978
69591980
55587496
41112579
8290775
19511748
1386873
54088118
58593974
6450947
23715593
13422554
67736855
59194758
29881523
26022413
27431397
6424636
22689464
49360660
26137386
31915344
29384295
6630521
30718979
58683197
9930644
7509502
64999238
28384832
43608601
29678496
18104360
22455878
40250806
50638765
26344
1027487
40072064
43667827
31988310
32229969
41654670
29432324
8503652
27813951
21344242
72854139
30897423
65642513
53472557
34587095
57625447
44635531
69728766
60922150
21292674
70842987
28419632
44965801
6652159
31562861
15637458
2203837
9992577
9924889
7285057
56245883
66789672
22254621
